478135485
441157015
779310679
-62680770
-551803329
530539316
-138329300
-611946535
486794809
608725693
-305522518
-764736839
-784510066
499244540
303536188
709221998
-530451912
-403577515
-123775377
537596605
1153175
580470349
557901907
-100797701
456985684
-527408953
812042893
246837545
421891593
443861570
706166102
768153351
502763774
-290862980
-704435739
-107087189
-700846750
-173801646
-432892984
35298282
807562380
461195632
-48087546
122250309
-412477512
-665464104
-716650388
-266329749
455224599
24831906
-232047708
-710252723
-151012866
-648567527
-329965765
-757050121
314688630
135774915
705471101
19365776
-351825352
174989087
-291068394
-388432371
-525177263
-568884735
651849066
48730427
-460778640
-261685374
91143681
-641168622
338983130
661658901
-359629065
-172554217
-356471150
95663752
786045453
-196932720
-606335234
-104455879
69061186
748578553
-92313094
-782795867
-535875795
273554908
-382974186
-673017338
-574925463
790935954
-587246746
-310257678
524121826
577923929
-496092872
204808509
631576558
-174219996
-197260097
-225657965
329121087
-585232019
-180093880
500992520
-509668700
-44526134
-177569543
517806191
-24068534
510763356
73359702
105260247
678642478
-726080861
489228295
-255010616
-818128718
1308929
-877406305
-411757300
385672849
127169094
486729554
591048579
628227400
532151627
-9732354
689399121
-503130141
-40900995
-748416863
264816339
233955087
-735280321
740359421
-897667325
770643648
-534433618
308529239
453642682
-29052126
488028001
-549265412
-233238927
528573334
501991079
-121319884
-377460384
363647215
196980911
-701206903
-365601380
-794944838
-514071844
-33079152
-87893150
-77751682
-417216980
-408718222
-739367871
-736796403
-248502483
563385668
-271462784
379556062
165217430
-211721189
655882503
-77686778
282989949
490954111
-142001053
-391898769
739063583
26541648
498668143
74310527
-316257937
240152534
42744251
-590723133
334596129
-743488833
-647428541
-33751462
-205984265
91731909
-397173194
-33649087
-182897790
-313291777
274803946
432750102
-724050445
-137572243
-670283274
-477216063
162871842
-115500262
-649816017
-510008366
-716976656
135464264
517348958
96543505
492832941
669270994
209048813
-223824088
346748643
164621690
457265404
-452502965
582722910
381502204
-448246935
-564445943
-581510494
307889907
-142326665
288150426
328697674
332547645
-525537585
-543235271
-467552470
-7165061
-371386082
433101411
-370104828
188478504
-180152934
-261391749
-519287043
287404082
-177927280
-658063749
-240360248
-771278487
-730816140
266265745
-63044659
-58151799
364258584
586928106
-8292380
426668710
-191126674
-682268399
-59120105
506519734
-752353517
424477239
180443432
-842579838
451930778
-526103409
420299189
82760615
466583003
419569284
-416308797
604870415
-726895913
-444800012
685513134
584138402
-177033758
-131223363
-403466656
517330175
-86408579
838452543
-572451614
-249772494
578061280
-179006093
440905140
279140437
712995473
-49203610
-674188682
-489531302
432558951
-161226570
-184974023
126421460
700805372
744075984
-84296696
-310333926
-476488907
176547214
-535130488
816499208
-740212509
67892316
-736740674
-543407666
688151547
-254732346
-431702643
-568101098
114713733
-394944277
385078235
-124035627
155483445
-420984309
-817562483
292433895
108745348
-213817556
348930554
-679068747
-31302574
78877800
-21606784
-788392332
125312444
-165154173
-181480101
-563704642
-175472959
-715860555
531207594
-312326650
112820178
52577017
-195871782
-127348727
-650604824
34340079
41458477
321835473
-355939355
-326084225
-173782890
213631014
-652751176
529207069
245585420
508361759
281927131
-147526566
-446129740
328883427
-42117848
649867547
-186875309
10984428
-317611562
332239819
-475109976
603840617
-570889221
90822702
667353751
529021375
-384687590
-868441300
333987213
-311262801
-531431779
176729472
-531371044
594758349
312618192
-472472971
640839142
381255490
564330364
-725913593
385234394
-440555765
723108053
132353033
300582469
508813738
-57103865
110860158
606723818
-1490246
-319850531
318946708
569436326
749399955
219793182
-416028327
682529138
512980173
192532162
-327979490
576426177
-576913233
738848030
-267573672
660085152
-420996178
540614250
204593440
533770687
481263552
-345720122
697407144
43860278
-401269487
-353662296
424052607
275051661
-137824961
-607386533
-54125771
-632529746
515653206
-11709277
-66040497
-405951659
-314954478
599402951
-24383386
-311675095
651931654
-152953388
498312545
175476800
227589730
88639846
130777591
-625361852
-376306126
-542781302
125033104
-229579165
-295100550
408206928
-444575069
-326508874
584930521
103304640
-559668497
-241472409
-481787677
544121567
38711817
628865201
754543947
151042667
-211329689
216463358
-255523935
-510028214
615679045
-784390672
259181884
300564700
-774104127
409603602
-738194836
611378685
-485813629
-772088403
-339062295
168907788
-789306539
114029274
-237152684
-819785964
-682460356
-558226973
-691356373
734305157
-195529771
-95402626
-669917846
524906600
-346636890
24768442
-567948735
123048090
137276720
-344220503
-638995611
-58265973
-351100530
-327819125
212404767
-553262783
80013627
281369692
197050401
-568001427
298904963
-96544554
-505522578
233551451
324201311
377116621
99418536
-718598597
-311599400
417776197
-718344680
-204182989
-334844022
415316946
245663514
-117687472
-59648402
-208425742
395752133
-156685277
171987732
390197865
-547618776
463911830
5330988
371951199
754137912
-590400284
-424798760
-229530698
218304941
-509462483
622017132
149628501
-751271402
788751367
-860279057
-532408688
-581027091
-188807436
-987740632
-699552264
413265141
239913472
711024204
-527999659
-403451721
-579659583
-488326575
-253255699
411151617
412377260
-724870906
-323549885
-712818732
-441352578
155323976
-439738284
-844837091
319199965
145770966
-477480732
-144956483
195554804
-509426952
622391032
-693580820
237489899
51294600
-199663519
201601257
-157292314
49003136
-695282195
448359030
603889984
314802320
573080031
-470054511
35864071
503661667
731405012
-510112582
-471376123
28902321
-244557688
642310289
-688669251
160671598
-816070736
-54842793
-59269317
182846254
-501003190
-508145179
-335965050
484489370
1460924
470217260
-316548426
147007859
-652355507
-266435845
522475667
-368341858
-124058539
-488888222
-230137768
-505226728
99013724
560433270
-57865654
-662548310
527990514
137541740
-824833207
485456131
26031619
-414891066
583468850
-726821168
-350319465
-228674457
504510277
168891126
51949293
-966788514
209582087
419146476
366986030
770360756
625943681
212284916
426194836
958281773
54612350
-499847160
580151184
352299462
-3831948
-545421099
-59014973
327308295
-949078419
324570063
142102571
-268091120
87023880
562489386
-364583375
-476932131
435928776
-264508652
-456595007
743490121
933076901
-232712231
-785408641
-137631418
709364737
355418534
302090049
218324680
-519912149
-718379109
69535575
343654554
487589571
-575871876
-607785064
-525081874
-757270458
257372916
-621431554
-574780728
-107317374
-471108268
-283170734
-332884762
-89930111
111605238
184994014
-734462903
173797869
444429148
153472365
556315336
26810176
575290953
551955027
248496748
-707341669
427242745
165422398
34518729
-178821137
35102650
-46208411
-544642285
244618357
-679808509
-709672980
-246959174
340545564
-330624673
573124380
-511234313
-385004946
254991062
884839787
549444439
-692231538
741232176
392111944
426102342
-374596306
-480549310
742742731
-167627521
-97371634
819247203
-653576017
-179997598
-17244810
-513133563
736779495
-716147050
-65152920
-286421861
573127315
-921184831
-189143891
136534783
729517262
708532225
315330646
-600231321
-103564112
-417291828
-599140547
-250158766
-128443305
-481148768
-700356946
-91074892
2466583
-531248715
-580603746
126445571
1286908667
-104398631
-768838933
532427304
733934552
128564287
-506553249
-677947799
732490832
431938313
-434189175
-610260356
-174755834
167935665
-818706164
-88311207
304403512
711118261
22046882
-2569076
593603868
-42702225
630381363
661426713
170426140
709503133
-707879121
640635729
394431568
-115478345
-237700210
223799917
-598710916
-837739003
459801405
-824288063
-320481621
-548726755
426062797
-560378766
124894386
725299473
-137295922
-569636050
-677250438
-697271243
-627818475
-215061829
-231992290
-478275155
-644118433
-258755662
465222683
623623707
-595550576
-533746246
-867876773
50134002
-546939331
391470721
734927893
81925966
430383351
58513621
653747718
48422134
649875511
486833195
312230812
-207935087
677878568
-579846899
688245121
-105352780
-512684566
280595168
45870794
631554122
-548497860
-619157151
-84813488
-186506444
699741352
341597208
277530667
-354683845
-359910598
135517502
-515860489
105400114
-272218898
412079365
-686396199
-469869652
-346115729
-1118609877
722929123
-527382241
-367258041
-868891377
-759800891
-344697541
759113231
15364868
153474955
-129573580
513273580
-822386603
322952750
-46693191
-323073229
814164929
471921224
-786643813
418301792
51777153
-75611255
-740071707
1407983822
20265597
-671825140
632881300
373072463
65974978
157461910
-253239038
319113188
-783095634
210738659
378140019
440846258
-802273542
-431953051
459920751
40818225
-304171846
-34110751
-814208881
-359384761
626765666
164617261
-337223107
469922912
593968200
-131999564
-281551377
183642879
-269671046
-860445860
159275543
-240977456
714160088
535721070
811444255
-364052056
704175602
-402581007
48304661
-176807648
-653393985
649041563
274816280
-564973377
-353082832
417137220
499892610
-181009226
249197511
236089804
-120527412
-653610819
137469058
79635287
-400844806
373031396
153715759
-184155312
-23423055
25911797
-216859501
765315350
623584600
-541424871
-904110167
695415717
-594148902
358484545
-403422827
680338812
-751806159
653483721
-282422409
257620645
-785390569
134628272
400020357
161044694
-663341278
-599492182
-316593284
613282351
96173167
496139478
-913172867
-728113160
-200867000
392761814
471099285
-52799440
-215971661
-552704223
253972369
336841879
-633124135
449043200
-484345241
-345836931
587191641
147282869
794092230
-395314661
-127844305
524059906
-740846254
435970543
-594489677
-267280182
63048150
-471163366
-605824039
368457278
913517942
34304662
-205573472
670783733
-495600493
-746741864
633159869
-36019431
503921696
258901306
44303172
-794808586
-985668963
33343400
-167460210
-511639516
655151737
-157357762
-432538960
-647816007
382473201
-353968002
-622151585
185007550
468449106
411069815
346389023
-666354939
-356553003
428734081
336445812
588243899
124240423
-59713899
-305424571
368224697
-545956300
1227736
-717676053
592643094
-556444775
-160009445
531489039
438962305
-598305963
661382718
-101114123
-681184302
-643166204
408283073
-681457504
-4137735
-284743416
664551898
486936293
-45842380
-468359490
-625079105
-447384811
-395064893
26998625
-267376699
-872123463
-176224590
493106664
147280956
-626344808
668928474
458912681
-625686470
999519175
543998070
64321571
705409334
206666478
-106443158
-397302907
-771022562
-162826845
-725118256
58039815
-920109823
686184502
320358514
-839329483
-344321698
-501159795
-485768664
-159352729
428990990
-197954498
-108531463
550153432
430551306
-111731633
740781607
476056253
234668971
76160826
494007412
-206407247
413232234
-445254628
-266008335
21564708
419799342
329147840
-534878589
-539883493
-461452652
-176045440
-634402437
40724333
-211879376
596912360
488392872
-35544766
-755983492
-500415250
5689149
400597561
-784183075
-235831560
-25700810
589632806
253718271
42446053
-420681149
472808464
257783538
-156827275
219515805
-195223199
374949531
-854735562
-604225387
487673000
431599289
202934269
173217172
538239512
600420655
-625831158
-310455201
557781078
654748210
379974037
-210681660
318858811
753181244
713355444
-917164717
-276125959
149214170
-418039737
-795263868
125253034
-184363824
126412245
-889856546
335534176
-187078352
-228734379
-347119923
541956773
-405854437
96460648
604526743
-621884811
241887125
330937568
-251749740
-313173866
-676013095
-478478834
607192625
637904104
140063308
592706513
-769668776
582439779
516993371
-682920145
-705445338
-633198635
-61990945
-650700370
241215048
-818273684
-290923575
-714413919
-776245064
247097756
-395889520
-29542770
436908461
-645090307
224644388
121810037
-33660839
339693067
-710087027
-624458735
-472239802
-55893293
360857627
303085782
-509455327
687441802
689367676
463891292
-162199167
-228710631
32360848
-417157369
-402664484
635817201
-533609039
-164269857
-214540117
-769548306
-175230042
-44138345
-147250765
-434450102
-742962120
-824584804
-84752115
141577037
283472458
343008915
-83938966
-556409927
-481453106
-278024106
253396597
358878906
-324066775
757648066
-512281592
-125498266
221450806
-438864751
-220347260
-468419419
553467863
-534028034
-58977972
-57010456
173305339
-45050827
-253198628
-404310831
-815130289
439476278
81291444
339956181
-601231986
-375162032
123788115
601769243
-12422315
-351200089
580638331
542208730
-150055191
-723769533
108356803
512376246
-598822706
219741277
-574574611
-323974874
75358433
340998210
-900886840
620424760
-569548141
664507444
292276223
501387515
-509982972
-609887501
-174539638
-812778118
263105244
226167292
406382198
694693950
-451269820
-447845156
-61749934
-400579582
573681165
-388665926
-239252694
-577556058
86808739
444855795
657194379
-159314045
224555480
441810299
-247183088
-117123373
-334829282
783471285
-34924101
705026943
247706112
-156332318
510141557
62385122
-466710221
708845386
-232217777
-240478364
178890759
785534591
375697610
-861627796
642498324
-22312284
581593251
-407037594
-607430320
363672559
-762673904
-227018041
-806085251
519784698
-775310823
668207567
216782926
-70265769
-175873844
96843798
-487371514
60047381
-705012015
-749048731
43512275
-636612523
618244327
209273852
-208276775
208860882
-122893578
-198257997
257878623
7821535
-839253141
-285875553
-292008656
-807350530
-139572414
-439981867
-208181
416590083
-275513651
-765041874
461956663
-174334693
477677819
-596564847
143019586
-252518680
-330913444
-821503390
-55857151
-270416805
-623643659
-206351145
-818494707
-695785774
-778755661
-175444447
322946169
-201160619
-759877272
-826361835
240596524
123403691
507879752
-695678050
377828770
592626055
551648474
550415270
-63209344
-467488909
-224852493
-368753459
-318187390
-893244118
556558192
-289889808
70062995
-151522290
-701332435
-62069422
478167219
617843630
16809702
-45909678
-87335270
661637880
321311064
-114457362
-91589612
-694643790
-572564217
-135663832
81560442
-466357970
-576879199
-358728466
-751966435
-147067100
432803221
222424237
528587717
793464139
-645693900
129415196
158812062
-23001037
-778997755
-87737548
-588539457
-190517016
-146545699
-484710651
-386787650
-640832461
-182729857
-791249176
-676115306
387504781
842049455
295505017
-422051670
195832695
680527848
277864806
683853081
268604235
26918263
502164032
-10259760
912776001
-468464837
-357225141
588192007
-323084128
-254161611
163774002
378375578
406962537
23349884
-707590774
342440805
-54205731
347825954
-721488206
-493824732
208164969
-402350889
-154114107
-142032144
-331732328
54120673
179917799
561097079
135284321
-479994767
-263513525
228905555
74023090
652613895
-125844076
-252314321
437261582
-467940966
-772771755
81602160
-492076271
-236071672
407400432
-772630553
-341655287
134568160
75227613
934902390
277395765
-122557941
807054051
-203531165
-772793933
-263134269
469832826
-412133272
624620861
345504322
-248371909
798271819
-459235229
-178315325
1207206
-690026504
-533547609
-143717681
-259392
692576910
627206052
101899728
-406520205
-482719902
343700598
381957889
89251194
62830847
-566953201
-458164117
-194677448
226759449
-567971388
-789636100
-252783834
-470192567
447352419
-476692691
-429288985
-681601915
-386021897
-251552340
-595439269
-181099478
-129308676
536136349
898751022
-161972833
382824357
-682057444
-56020950
51415069
500791646
420735086
-280236227
455757522
-750186427
-42677460
728644620
-397417656
267361030
-687390944
-436237166
-654621550
-126617707
-495264204
472371107
-13124354
413827452
-698083025
57949500
-449396850
-370486892
520922227
463784347
1366543573
-626082424
483348514
-227877736
338608463
-539381127
-34898890
-95949613
-221761789
537088681
638584335
-83477365
-317148776
718489423
-625842824
-675128665
131343572
38167146
-514652270
229791278
-649872670
-716976843
99842520
-493110513
-295994357
-699154025
-567307116
632095964
926479931
264563253
335920109
267968819
616746128
-818329976
-672806919
384461763
-193182058
-753024144
-48859952
638816708
-111616432
93144352
807330006
-308275728
364513588
-132778441
411520617
-178622712
779640083
-148605030
848924627
-550136600
-62533923
591916298
39233070
-638094744
-765310911
-185065395
362287269
-57331764
-128592212
358532418
228171688
-279264517
262096410
505857974
619705490
558263258
-172338723
771602872
-505557870
-755188222
-532796468
433765282
-238899243
697582356
426504724
80024234
-43224668
347802412
-596910668
788676789
-226875212
-320940580
743762230
-123055492
-260849903
-640126620
678086793
-765991000
539552612
541273033
91813381
-276371548
-579681373
90414377
797056980
130353815
-757685067
-670637441
122016621
-149294232
-187642840
-69931513
54720646
-204032127
124820736
-178203796
39720334
-508407474
593682127
-617270761
-284311136
254975781
-76400061
-550383275
791153518
-534008474
-159855715
-462438406
89362528
207756228
528205631
-122350963
251334797
-573021795
-59379841
37343574
-458937215
584445475
773395805
-245461316
344118133
195712838
513284381
230834596
-534586607
-236495712
191401350
404616130
418930937
-12173088
-475076517
381424869
324474984
690733234
-25817158
-77068502
366434538
474768082
-134069438
818256253
-110596009
131654940
-754016362
-359926092
59527328
223216339
509046303
-692074535
-346568521
-771911804
635123391
295474474
885303394
105044343
457489359
-315092083
152943001
9903645
-748371080
626876958
-181277615
42829049
-331591497
-475958595
-200214664
-618568344
295999790
-963541437
126961825
847833798
42646015
563957949
-79341605
-400449288
-231225350
-517976757
-233531581
85421716
-266710043
-161487450
-430774377
-86645768
-305688866
-500948905
-21730509
342230494
27297797
-133781209
-186498874
-210103530
-504217704
335708759
552022465
123273233
99308418
-617308406
-505585354
551628594
-384759104
361948069
-193401314
317840013
-435254578
-202092133
491974029
454575501
626999459
-599447754
-671838935
-359633889
-783658323
-456607348
-10316603
484289067
257268754
263849895
215684350
-499096576
-618906649
471400893
-600250533
-366398988
-254858308
332045178
271947219
-126681585
-223695145
102005195
502735912
344810864
252491513
41136946
-754808611
-136230599
433118135
-250452277
-600879058
1051253876
340300418
210268870
560273344
-516927608
-341268803
-496582526
-879754529
-182717646
195711258
642075269
677361471
-584975395
-633170055
-808846588
399480342
247900395
196669031
168052427
348326749
-537460761
106855152
-391328784
-56515049
166949330
366146437
-400641019
-696584472
557498746
632197758
-210664879
499988154
-144642712
201060196
439040236
499478738
692617977
528748130
-412077578
195965694
203034980
678327117
-483685239
-277247215
190161405
-133576277
250092800
168180650
-63066446
-695938885
357423434
450086361
-174051862
-198036618
-155030113
-283383412
-96520169
23109303
147298122
-85245600
-183001045
-677930266
289217368
520236762
-142302146
-580193806
-237816256
-128936623
-55058013
234974113
-672653809
709395686
-83298730
-410082682
-161376103
-275726228
-193828964
-308362805
6774395
394890988
9501981
-154708974
301037404
-10228157
-723785161
-422566827
-654089841
171595070
653203656
-531964398
633177199
632685196
11184984
207415290
-552326219
530996113
-207066374
-235950257
-20496477
536714003
522773828
-331689274
-592830015
-398080271
314447977
473280761
-187210317
-594800361
189616821
-558210625
-519942848
236865791
258139783
409047387
-328209286
462743964
547231905
-963108837
-631307641
-570275023
-190835038
-298844099
333267795
-892615445
-374235632
-827803967
161437677
-332934015
-554115048
20265035
429853179
-36236792
-103893009
4741654
497318876
439954137
69015174
-724460055
-146115774
-434972402
-403079960
514083854
57464857
331372206
178450570
-863261359
365680666
-633137155
486029034
654363904
185064609
-780136166
264769005
-147314233
-279207871
-773532029
515048550
152338765
518800838
-353182329
94371537
-892376183
-306247324
50244872
-814766910
311570782
415844588
-626758576
-105977748
469586406
-784396430
197502885
-101974864
-657047783
136766766
280044454
-735208332
230998954
-794605408
35033045
-633303257
172709066
-598821365
-504466663
329555160
-675918832
-294439336
155740810
629274112
530493037
-647617347
-721215556
-35999038
-519804997
-259908389
-675689325
-415639494
-325172948
-89609464
-396603251
30768801
-531617767
-91775830
-769535503
355469641
-162788604
-566798494
87136207
-448833293
-266883657
222517384
324188626
233375721
-360738583
-810422874
-386493801
-207239750
-853508442
254354213
-215735848
-397301502
136031037
-234494930
131314768
-39827753
-444073415
-119632981
548304062
-1434519
32711572
-34105785
-121253013
-241664180
-346237878
419000133
314442073
-609267899
-212554947
628295257
-23632142
-512919476
344882677
-694376507
-359828082
253428241
-850081255
483752772
-455082040
563864392
-788164850
-546549368
-659492206
475604283
56573626
167399650
-549061789
-299728425
-12942146
297950477
269660427
82101575
699094635
-527577888
625216728
-791821560
724241351
239702151
111262802
-664990460
-61976643
-75754190
741549863
719380497
552236628
-733609251
-11518817
-489203160
-547474940
-379596645
-415328384
74481051
-111399253
-387875845
41690308
-626505114
-639241787
-354849270
-502464723
500825268
-521892857
-23418591
342744254
192397197
-844148410
1579034
350212962
-820575933
-12968519
-513391920
599815715
-894408217
-473357843
-426701666
-377799861
28582447
-834160051
266320792
689741451
555357417
-523955418
-165725651
-212296581
-434276181
-441297520
684535733
-239271890
184120175
65399671
-770511319
-563100228
-527238396
-438691627
137050351
-580687177
95026828
53085731
288623398
-790363465
388351986
-177671647
-366216919
-441307986
-301749394
173680418
-315710826
652914235
837534261
-556130139
149538470
321337385
623495184
-396832766
-220658892
305150067
548944222
-831120293
-609839619
323962610
-223521489
310706693
-322171432
347749564
-325873265
82110898
358618364
392337827
294938047
-162584661
-266131711
-55909581
-576032310
-825390097
-344550225
-272671077
-282027358
-689465544
-623559721
-265213423
-522398064
184626353
-317764486
-20070905
426187583
-559090214
331462799
-412421922
252361365
585657410
729426789
-233243503
406740411
569020546
-133695345
778844430
699021710
618735532
713052404
188535487
125520103
431839442
630892265
-603816291
-378464308
-204835422
554711365
575233643
530771575
286721960
-542423373
547045944
-749464944
496324502
186095706
574752686
99574929
-270015365
-39067609
-184648811
217675306
-50858595
-722275200
247458936
585753572
579891879
-856926249
-313080517
-324106529
-340229366
-82603398
-678268883
-862124057
-750098968
482338349
-424644027
266351053
-631975062
267561691
-473199820
-710514939
-278171704
-452343981
532294941
-333436070
564903722
143881434
-76676270
291830832
485268120
-537415560
498148552
576031060
157064685
735189594
113187730
-156942064
-693280775
-309442909
357675837
571518188
684800982
-63004680
-40784374
797218353
-504132209
-415964191
305297439
529879959
677149677
-488309335
-863605551
535180720
-582618388
-101108761
-414926359
175674609
-781791076
-94924775
367772019
-423810213
-215472764
-45381013
202385375
-255479442
811297099
532176260
-441862195
506961359
-666719850
-503670318
-374664605
653579941
305894275
201077688
-221297327
-431599759
-495213985
-358652139
271081041
487204528
-370372059
478043306
343403547
-1034102617
493109423
86433283
20661624
153093644
-199331186
208639581
318097470
-72395156
-723557163
276844960
-848501397
481807090
-230452790
136658755
523894966
-541989910
1400281317
20882428
337636928
179913219
-131709984
605788968
-121813011
-91240869
511683865
-329126012
653796845
-415693441
-318645614
1003852270
671603102
-178329492
-655476011
737778812
-541272223
-58559923
1091445065
-358405883
-114884368
-425923051
-777572712
610804260
435112730
-1043820366
-286285141
191692421
439795588
-637362847
363158738
206366336
31060416
-211661524
-298878750
395499604
-533923675
549266132
-456999997
-439567847
795730175
-898153924
226012755
4752264
326969286
-44889249
518676539
-934083516
-255865452
-260557507
368539236
-327321064
117454675
554126541
704582253
672893625
-789016824
-618723022
836380166
115189273
-274459436
161932069
-347684761
-134572901
-611994793
586034501
-70249632
-598549553
-233493367
96989134
-341138410
-328411744
-298340498
-393918143
639518336
775707182
860873852
881895286
-297473400
-879083591
-502012521
202839834
601257591
324894287
705629300
653729135
518128863
-649475594
-541508192
-575920329
-860562054
-703716492
119285490
519332931
-828234879
155087669
-560467691
-79744208
-5537054
626703026
-170004117
475216073
455883955
466293941
1023152814
-238529816
-113199975
770028641
563972154
791528409
-339286750
4367942
540983287
755469581
-337636470
166146038
711305844
-64811951
-452207912
-762213500
-23371216
12969295
-261376290
544596173
-110141486
663008382
190001128
768313721
475243619
-392952384
553805676
-164072034
102093440
714790219
-275286205
-657308089
535578795
-133333955
398392049
-113299912
66295818
740532306
-27361762
691428982
-588913152
-453528294
-336632307
-398311898
-173323289
723934593
-465007133
-456551816
575254159
477743875
797666504
693428497
-859324889
-155070260
843714688
765208431
-376155139
444814720
350934520
-321128357
-46386725
-369358171
134118447
651328920
151943732
-271882533
485651275
-331404917
575670580
416512004
1331347848
-460385753
632016472
-26977028
-307137260
78834387
397938182
103652318
300575690
451373741
659235903
-593020749
729990328
732226164
-493960857
472234662
-420095788
167966147
193811007
-273241719
257688763
325217076
685194893
121404258
-65365556
686550164
-80230952
192325170
738251984
748200650
-399416978
364470666
407823859
259978029
543019130
12102476
-362190117
146452844
-616040162
-142842056
569005775
515683096
16926437
-781384756
-561808884
-713572561
147395859
205422612
613390625
-502866448
-135273649
85955836
759478142
128209281
808306311
-635037147
-698776768
257572949
115210108
-211772555
-476644995
369771971
414551021
-622563668
-192891306
-830258859
262443606
-38114301
403290731
-548955102
207766932
-137194282
-294048361
365177619
490263567
435960683
-844929652
-415474665
-290088750
-827216619
162767692
-526058107
274004347
-735769318
-436069552
-473253350
-650081172
557278591
-593967424
-448766140
-541202802
-319022293
498672234
152539493
-286323786
-478983211
-485995925
715689542
-503886120
-777978127
271414702
435791181
-807568597
558465264
113241243
-308432480
254885759
-356949938
-803699698
-181686625
-662477190
66869295
474931985
671307489
525281730
-418351307
747662763
966110605
-753572777
105386356
254438606
666343603
570804332
-347570546
433205404
-49380798
346080289
418733230
-496828759
-817918463
11533925
-255727707
716840002
-523197893
-287598026
225846067
-64987321
-566520407
566624646
-43518898
-429503533
-617141290
-658264619
-452196173
218521666
197661611
-678130206
367691908
514202490
-127230033
-266015724
225646228
-505466874
-232668934
595756642
-542972159
-143953767
578563087
-861558508
-1322452249
-143901266
-808422865
-26833383
325271875
-52300193
394292731
313355763
-740767613
642912716
-202577682
269106197
606978579
136494963
-441314293
588168433
-442896056
352510155
-148497275
-897452576
-315513187
469424838
543229574
-519491670
455813377
-156888740
-8703098
-304623640
-99376583
569463549
-49014492
773311153
-105209004
626651059
35947317
64235557
208384803
-626195990
590725412
667020176
60979370
-394687995
-178860299
10878030
-484754253
-32786425
315815939
545764197
443238847
-738197840
418628567
372249539
377382282
-761087045
-725830502
-452751828
511939961
116909981
-259060855
160754885
-619495187
531103460
319331734
509136372
673929012
-679510505
-276957835
-692305913
-871809445
-621435697
439134451
-300270488
-132701244
574851417
225883605
-757921083
127601568
-196300141
-845971524
-668885014
752089490
549383261
-264290220
469579564
705499856
360798735
-415758865
-288427002
408821391
-671652152
488756921
-857941693
-484722648
-729925560
544297610
-350694535
565105690
45745897
-776188855
122959316
390453782
-27094734
479154697
-413763170
352320843
564779575
322931324
-286038134
-593047772
-669939914
-865665119
681635658
-258598678
105922723
369514409
689704036
228270653
-425207253
94074871
-399832545
333616924
-432979763
291099159
-436349888
-210058026
-67048711
-126915672
309014757
20855046
-466070235
-305904500
-356926658
-94815760
-566025811
-311442915
98334413
515877450
744705171
-525937693
-270746067
13447192
-885926128
334511407
266257520
332171914
-119322489
88414356
-50696391
81976901
-127972107
229666660
427175561
110735
-532094976
236148405
302960366
698271494
-505891847
189231006
391010060
-275272423
-324823328
-618834629
536921688
-677378007
509623406
-169595428
-166591235
-207906575
-500109830
-33985043
-439332932
-598323744
-48648275
144117267
-452013977
531487722
480567825
-201343271
-301760620
123440800
346110942
-17578583
265512210
-231731041
457590330
-100647251
276999350
-271552648
-801044736
-532035345
411203495
525563722
811657079
204483794
555261410
609297717
512220630
129005087
-156774189
-482101817
-851132847
20313125
-814364321
-274484149
558692664
-751606971
-714752889
27471989
-340340046
-670308201
18000354
-40805895
-473647545
319652765
437250785
393607996
-597279021
225283872
589747318
120385090
-288343311
-305185448
331404254
-410564683
113265582
410451595
-339327795
-411458340
-723322542
-512377712
-584900302
-713598407
-301168245
305925932
472442067
786056489
708590506
363103222
-242210331
-28659195
149813576
161666460
288881772
264054310
146561561
638393726
462008898
-905206591
-708781077
428765340
91691428
-254711229
396021030
-718837072
24472304
-104692800
638364193
-115939785
-436551040
-478017952
-823958351
-455627817
-775640682
-20608219
1024475934
583355764
-765181184
121920850
432218106
133029880
464150026
-217124552
-348401956
7389472
699197640
520398703
33691025
-170283484
842721958
683972685
727881938
-649967421
41078027
240599405
-194088842
-666622967
71155816
-272642413
634571128
532824811
467992009
127129815
-206373154
-838529270
214576673
-638982242
3641838
-634110319
-258498014
-62990676
655042065
168443689
-388916230
-43673649
502770064
20807081
318874888
205505995
370167365
-401885450
-328284051
277787851
541034533
257217242
-560530491
519192071
610880135
-322522112
446709914
-881644668
-513281149
383419127
595494470
244706159
-115252466
-506798376
-726716175
545843540
294799139
761147487
510383923
672347393
264224785
206263923
492970261
198529567
4016196
355863015
-92311846
-957489804
520220876
-898132742
770928451
693979877
151481912
-661574971
-232350480
-782511661
-121453129
606857524
-686737260
150258445
611026684
-906960924
559494386
649163564
176513564
-828816485
-198737503
-84036112
-88501535
48101472
556291729
-34196065
-51987710
-64311524
103129136
632091480
506600491
-556805735
-414818555
-804872178
-395062803
405656151
781638383
257716807
-547231009
542240097
-507474082
-433384903
-292671670
-554890048
-782194402
-564299399
648348431
-451153363
-366133087
-126712820
-643985643
-48420734
-195507816
271530711
665594390
675424346
36040193
123884258
605002783
-675552381
-136165549
-499008434
-3122509
23074810
-540028356
121647878
-690929451
-179583368
477532729
745775881
32252798
-186771588
-515219158
401428731
288076439
-479519272
-195363717
-108049352
174313031
-705025844
356028378
-437220603
-99396979
509578955
-477768159
-516422893
-398179797
-605742270
434232276
-162627311
658092988
-559567661
-368430766
-590378361
-599607875
-748520713
-164074356
-51096808
-524295425
475447276
-626444805
295746697
-496103308
363179378
-469979242
-315830632
367032092
249127911
98813062
-86208662
691350393
387961081
-119234159
199621300
365946279
-171591968
225588639
-133504921
-794689926
365584626
88554264
-118253263
490856127
25191400
-771120394
356222031
-579088180
-160011375
-164605176
565102659
-386440052
455577023
365811849
-354648475
-773360699
90405605
759176135
-88056167
558178752
60673934
-504792876
-317548579
-464476531
-86141865
462298889
-602517262
548614172
-150941169
662125738
743954768
9266878
391032427
397143846
-362313190
70049210
-257055360
248645230
-794759513
507935161
-202008178
531427939
560713303
-701881384
656345960
-250666864
-55658706
425684061
313591103
177018832
-170613819
-156079999
-623353883
-395878997
742849029
-397197126
302980507
815621813
-569859380
815236402
200126182
-287696087
-660814094
335278996
73240084
462806605
480887103
-615580097
-560522982
-190059323
-612933935
281187939
125580201
642173790
-745362971
452216011
734773672
-490444892
-145390580
740738356
-640761731
-690838267
513300486
152421442
-121001438
-689455461
387558392
-170235512
665108055
-227300222
324856461
-431528532
-417526690
349054650
-624465006
619573103
-501730953
640002903
777198514
-603833574
111085952
-728864661
-702609055
799201423
-751398537
-97222159
-371489089
324932485
712712280
32359930
815545103
-199932692
-132604232
-121923231
-461333091
160422881
269521422
395961934
772144927
-821023300
236067554
716087044
755177411
229664871
235813839
-771593281
-512713182
-575484139
186873129
-383007636
632898112
-31811782
128789424
146871693
-7319259
758477616
611710946
-661124817
-284331030
462438868
125881234
-310831379
92990069
241809193
-547775322
-735444608
-413714798
-343101507
799182351
108899883
784755979
-575621692
649761507
692978340
-654839920
126748453
-708564864
-522071515
595620306
-66583464
204027301
602599434
358197990
-717744027
169575744
777453859
785294485
306516481
610437841
704578566
306889685
-680235802
-793863822
-629505043
-562177504
234247302
-371997252
-295634505
-680767861
157808884
277799100
-154653293
-296142516
790464434
-241811198
684349464
-400385277
-4067814
-229912686
565441254
-657007946
428481202
583048024
-6790427
679008765
-548408822
-181974223
385026138
-742792755
479219544
-711532715
-274483741
-601231706
353515169
119948427
-122597960
34714241
544063206
-130676962
341284865
-451537457
-335772938
391926438
-589168356
160178827
-229129709
841518597
-612684870
302600159
-570050925
708321993
475667693
-639307154
-310465711
799265084
-476124246
-427310492
-117574306
-322907147
-684494463
-766911664
-120761681
-535755316
568674880
-275929962
-339228706
395526826
-383313054
488739271
-36836776
-515038126
-72720270
-448386310
-614033359
306747696
335958641
-167308703
408910079
-40383162
-706744177
70006610
78648203
306719069
-673201338
341627504
511765979
226407024
-586443639
577252584
634497353
-105921719
-165627175
543616346
596398939
547945933
384065047
-389385066
813236273
-326221821
-479813929
244499725
-570890443
-90002383
116492221
595357486
348243858
703099895
708741433
511239718
730155981
728833227
-709805812
251216842
59678904
-15496483
302245951
-314197048
207830618
26287862
-572230048
-847754292
402017313
852661582
-411805765
-558781284
-64377652
-187783733
-395699872
374097392
-730273554
-89501879
-333214902
594669274
-331785853
71472902
474497917
252782399
576649831
678751653
-189608177
309170517
-545997737
199194562
517369330
636906611
-311509271
-309525820
439898918
-524859793
-101697338
304087285
-756737369
733557704
162565437
-622553741
-346463085
169398990
636771105
567190993
-204200768
561668704
450036622
463149475
447614104
-253214459
531895276
-73074670
-568606254
-254171756
-375288730
212514986
186116705
-35108010
-12800212
132923776
-448398847
465741845
336136333
138648315
-199427743
-774570546
-370655063
326106402
633906211
260249103
-494631963
344019957
146098509
-761444445
-454870141
489494041
162427979
-545675047
-337213667
338541152
96842338
203907289
-483651378
-160580570
-651229279
113073101
-770200803
586889390
-11624275
396792979
-438628746
-461853095
81893608
-115307052
722829741
-250101757
-410546871
529019674
367474368
-188360205
-294862258
142971867
-144347388
199449341
262708747
172650469
-220898288
918984275
-513269091
-518546642
-549733778
84329652
390578329
-612811557
-322404271
-566779449
-150553644
-766862269
99184227
-258042771
-880403938
-453379119
-114082659
-561865433
-413008
-198057838
712708914
672284459
117045904
-119475473
305349308
808289054
-716683825
144402749
-522545107
87986025
-868682140
132927083
-99943621
346048999
474659808
672301107
17328505
799152378
-233292464
-725643674
330182922
-82056725
531613240
-660762979
-13337733
224599235
493277441
-100888055
-618477426
-790518346
278273815
-445518887
-140640706
-436148974
616554379
310415661
-583866460
-831639527
502309153
-286871186
-32141276
-200747818
619009892
-709212565
-51162827
599028323
-42177095
-88411143
-804711999
146660175
-100343025
58348752
-315559028
343553628
-70495827
-688051153
-175543902
-710916493
661294609
-452567420
258174070
-376188279
-697148170
628179287
411331521
76861547
865597646
626788394
-655189597
-273173123
421617573
-36954796
-414169724
700481183
-210241532
-599849426
349806565
-865826571
7331679
607846298
-575243850
-64985161
159763212
-259039001
-75014378
-523776742
-888102472
-226129299
117101909
617954890
-285727074
-788567584
-774363864
124242998
605775866
-177997010
-186654967
183444863
479557952
29039434
-288189245
612148941
-435668753
-349539744
-786595144
358601132
460601480
180572790
407188306
88260532
-327022289
-605231059
622847301
-178166339
-163480694
534485442
114892068
440842394
73553580
531299600
566738143
-554726982
-359532670
18628901
-482639481
-336423079
-280469839
-275823592
491068540
317755487
-613659294
428388569
-27431802
667698800
-674275503
-662506790
-363124083
-328569902
-276769002
-329431654
-516016423
18077252
-203902287
436419204
298384095
529634180
8025094
-242625637
-756349674
375599324
410527496
-230522230
-39834484
-176283895
-725683513
-90534485
-213042787
351782171
-64299460
47382775
-36924348
-381964199
-779583034
444188667
-560976081
-389263822
-83534100
556315482
-378580791
-596455611
-292184758
692494147
140920956
-304520302
514993863
381313805
-127330916
-735532534
-375603774
447701711
-716236397
-422246078
181124734
456759377
466884665
706102767
335793661
-429351196
245728521
672022552
-641140933
328192677
-149420333
-209991502
-700469951
382119510
367848951
-229886376
-103488639
7152091
-200232720
602404142
508613028
353541757
86681580
-185990464
-311724789
148062927
-325236454
6846037
-113225561
144215015
-606358686
724824014
724649859
-573828629
-11504031
-356226392
803681343
622448807
-19456980
527736217
-306982136
-706024023
-600570294
-671068004
-534628601
-441085868
-207756052
-797748880
-775217638
333605841
-309647153
-28747998
-758157721
-335412197
457466909
-143817323
586384002
-632467074
-860832284
-354844206
777215140
-501833912
-692144343
428502745
-55995628
-689242500
433654522
673876208
-113446373
-49560187
-400347308
-835021571
81612021
226226090
591899743
-331428615
-121892064
637216552
-736138207
-484991921
64899701
-105952288
523632989
-433666109
236071689
511867580
432345338
-786565057
115055193
-63321031
-2066496
333796425
-639791900
431653172
298214632
-853872432
-800660345
-147188686
-207636361
94515629
-508687745
381365042
272208560
508413156
-564187485
518271718
6821735
-614994716
558046715
199376160
301899174
-314051835
-806385391
-832711062
-123342178
-643256581
-903940966
-505503821
-111416393
-707393209
336858757
-446468681
-375790511
919352817
-208900030
318904775
-691140469
312369706
459985243
44058982
-415317088
348594356
-378287518
-10247876
819416914
446809651
-248158861
-400315194
-737455666
-539370333
267659700
738362257
139810583
-791391695
-100084914
-576233608
-206202951
-799073797
-482416982
-674923841
99278339
248257932
-237483057
-911816698
-148601873
586242934
596044586
-316439294
-130384633
-93614068
584991029
103179975
77154325
115484960
79086109
-269413522
-443315560
114827496
-708002137
-697375014
126121093
691085383
384283180
-73779615
-392619793
599536220
-698690372
-864843736
-470300541
714816285
373618424
-583342691
-485225410
199925394
378994963
660369782
-15887155
396013474
-548974858
-502941026
-15548890
304289039
186299157
84401188
242903476
-393839601
-607826288
-935575128
130808849
-638623051
486098295
-143166083
426519521
275332333
65894263
-159913441
-700958494
-266676525
291159768
-143312859
-566715857
-514723923
-338774676
439756859
213686509
652943787
405878093
-595152153
-461997845
-437565665
-497534413
-666315425
-252756765
-64284285
548791138
-378999612
239354073
-482385658
-199577672
-521088627
-62026410
-453190039
-550459755
-712660513
-137970643
-404445559
-702727523
-294556047
789674210
-33788364
-150035857
-341091384
260547512
416983458
-234629646
11584130
-631408447
345307954
144794998
701544198
-798945772
542104766
433033871
-811794045
-714272042
519682412
488525133
-699483527
282822613
-396185949
-520317476
-324906205
-337926497
274960047
414593110
445131211
-533289463
177225923
356974134
181194610
-126699189
-49708898
-278818545
306083547
552843439
-789138023
127312245
-746261903
24993241
-173032273
-141139966
706502264
-148465562
5853169
-364700717
-788182924
490780800
308324410
-670344617
707078226
480251550
-456270508
546915915
-233559313
329540934
-582621708
-729141119
-246929137
-639982506
-317325976
-768088748
-641082923
768675318
-707063660
-628653772
-444494410
-295965096
-607141481
788704049
412504504
-384772609
401907790
-209426644
317369169
227186674
241980706
-24802204
340840313
-305247643
-697783544
144121794
-66911867
-163479346
607049166
244106805
-775296414
-677186203
133317410
364476517
99408757
-814879080
547768757
464082420
-513222569
780620256
-55275969
50136423
672695610
-209310938
381320061
-132075154
780726500
64890037
178300439
208058186
-4387273
-430796125
-814818847
-504549939
448032588
-220628079
547840841
-799106183
-415009410
-364008168
19439609
-566557717
717258360
214212508
104448100
-175240367
542875183
549258701
531506306
-580556227
-806543987
551660902
611370787
-12626413
199584335
-308652199
-522928080
363621078
545023222
-103698318
785718619
697614596
686593180
-583351310
-524871799
-492302227
-721731422
-303956473
-422524434
-448058713
598365113
288883289
-669095713
239730319
151408661
606626888
-462948137
-245909134
-340740217
757104786
810836337
-176302068
778981073
37532477
740763991
364146083
-584853005
409665145
549716984
453062750
763311515
439711290
-716476584
250093944
-536421501
10177970
555328557
88741905
-135694177
-807621731
518914920
-605312293
1242111
-92004623
-14783669
-488923127
65547411
-101851386
11111885
-786471686
-274347399
-315623348
-698413305
-374854319
-369101248
953131217
132729392
-445373833
401777247
-52897931
84329327
63061530
-321214546
603518392
484154842
204690967
543425018
360684474
-357995003
801434466
483656393
-682698482
-8464707
-401389885
1004894592
664608082
463382666
-762773037
498889187
-795454419
-390473880
318912930
360800845
318659997
735270046
399946883
16478869
120103958
-545841637
260004738
503134687
257643243
111616883
-692933811
-303886646
125081475
-84051069
-319215081
-358315025
-499054165
358481735
178111886
337355248
237907230
646947200
-260599246
-548791051
578012002
335930456
-908284546
639619036
298777021
601414391
-425253035
-427448465
-230607585
191378229
109566377
146711882
134282126
180045433
507556589
-810507137
233691048
725128795
-704514494
-264371412
-54122624
-610532278
-642619186
-319569909
-55094031
329296101
-547214091
-300294310
88585843
595010919
-789479701
452245407
423552488
56155388
141999923
-842043654
92731473
-752306070
816398716
543820684
-524840327
193498496
14019083
-426890173
600197337
-829439494
209867761
-270531757
186609906
-623872805
655430247
-489857218
544465036
-330342780
345444364
240373583
-341715971
123076540
-640406836
-490243838
-646737750
-426284559
336783835
786295443
92235068
-831889811
-654897097
729315431
159382374
-177598501
-755902425
-578315383
-595062379
-877899177
330139463
-137482330
557553478
468059505
590887887
-675956459
433588489
-582277407
176649669
464391984
-418778138
81285237
123833868
714355218
144331894
-3125015
-330020216
-710072000
358972564
-744139613
84799614
-198209927
399006137
-542678788
387110667
-56708549
-258293776
-389752634
-184589359
-291626813
-79191427
695676405
-468882412
-468171608
-760126771
464147491
550477250
-3136761
468427298
398182646
-856641492
-232771817
-340174413
-520013976
537761748
-423972192
-253175107
-813433342
249584811
40914336
83261748
608351047
608890983
498006053
-32291216
343753064
-237417594
188564298
369652001
386920243
-362022802
-597280127
670627125
-499962033
529148568
558422797
-566950461
-679769006
-11191331
193747488
351483141
-390787308
588053531
-492164813
-141320618
115308122
-98202052
-357215205
393982
-21121429
96394601
-675393328
113854048
639905030
534269560
-142374010
-769283990
175616336
505937862
-204709251
-806251513
511757476
204647283
377961093
443361089
-236457150
-64595206
-473111769
-695864418
-866741617
-887064806
201198424
-305876947
151472027
-358230702
23876076
602122529
124570819
715665827
-19714347
88941107
90554794
342895831
-222346609
-251614101
381562043
269936089
100117959
440394673
-66558738
802871035
-34618059
66869499
-531136943
-901748301
-508994100
-628612326
-517441904
-474429849
-566911560
-509539404
204246245
-380099622
684173228
475094465
1074546579
-4612835
-446276072
550240496
-626555374
383466425
-159169812
-534754745
174678064
291855438
663806674
388963375
-5289742
-216901642
-137094952
-54987234
-886091566
-83702329
347997674
-574687002
657248614
-734659431
-818282691
161812022
51964219
481348310
-685806142
591082670
6560022
-408087984
-31453777
-615165407
-54394954
-244765911
366250541
-473448969
-503913610
147964766
-671021467
115454019
-293751648
780247944
-151261836
60003681
-267117713
599944258
255669383
-676691842
-431600101
244645635
315147454
-683060468
-569211197
335328865
-624755051
-326444713
393878909
81660275
-699058818
-126473484
-145420242
707473175
125071895
463048871
160924111
-997842917
471516698
-336780518
-14705782
62446839
242046358
544663424
9421505
30624057
-698306100
-544623878
-352035494
300049516
21192341
-43161177
-363234163
358738121
-605368356
-134333714
394984533
309195385
-94257373
-675358572
-428618005
655542281
-40176665
333377399
-641424741
-513771426
224817353
409025628
370061641
-193266290
699616677
405103316
727258123
-604702403
-290087038
281322727
-786440080
-294672230
297491570
322779463
185608797
-286462079
30744934
299855519
498634445
477693301
-823161637
-453896198
-261244903
-834136872
500236438
-502689960
-749410096
385745968
-41968126
634559686
398928871
203393930
-15937521
-897136721
-149983884
170072018
-483366978
178808202
497670520
-753065876
575398321
81162404
170598853
289076432
681290255
434628331
608942703
187562032
799294261
-404851465
282828917
-739258048
566297883
176894537
231244792
-420581271
670329511
-550882504
-818230429
232894590
104076377
-307917599
-835924969
-133722396
-896996884
224664982
402713657
-536276206
630320289
57182848
444740855
-712439321
44806342
-859249233
-369145585
436128167
321733437
-191746996
105976893
-316566238
-845264706
470769517
49687761
-830170993
700081676
-22931593
590782477
-253192348
25115418
-219872402
208458502
-529570261
-272376688
-313090223
-252277960
-666880674
482814811
-434332002
-646827370
469967630
-506888957
-715187494
-636832288
119416796
-124214455
749859117
-253872536
705311677
-697387564
383584015
-549887112
512508150
549942906
-289108296
-652617484
-54526854
-663081715
-656015125
-196932951
-571665815
497115752
-536951864
589397552
245250345
710874455
429768298
-734627996
-5694234
78932703
87814012
-461288894
395152158
-248083977
592174530
205301686
-192070381
-54718420
-586178755
200912732
437433391
255071395
-11738855
119997441
78716871
664910155
-799516003
621322860
198730107
233449247
-123535428
-125105730
500657869
480570714
-887052897
-112206213
245167965
211679647
-136488682
74789009
97436130
583875449
-752960925
-508808640
-788419490
-358825328
727824459
618258075
391230806
305376652
461670061
637745038
-816943054
-74360383
214662890
543131749
-95977422
670941967
-176259471
504090447
-265860109
-318924730
-334076402
-882530270
607892423
250430429
39357914
-102474444
-132651990
-735697129
-579983874
501512672
351494189
-752002008
807666370
-153496029
-424586624
199072045
-15966033
548065518
-281915372
-85966627
537193143
764513169
-206381581
99962933
-606250903
-818874196
-663231488
192660869
-171440876
-877263320
-473659370
84936020
-63383083
-187436946
-376066977
289772947
444760771
684838668
-491704485
9934814
-281649448
-365738626
520322283
-391059448
-379048939
-125679227
531810733
-176701531
223265282
108508720
150970020
598122879
-224092840
461382111
-600908220
124787129
771906895
-579451189
-659838227
512590572
-311632579
160842857
-195137328
-238350471
741591204
-151677650
-520746772
504558424
-439942791
30719817
143876470
171241035
162040396
448684962
-204493131
79868874
513408743
-81916681
171906244
-2283214
-138887853
389800297
508063039
-1070938566
499078246
674516091
-555962648
727578369
758939855
-731745517
-640051874
-677615501
651622694
237035347
-452306374
564508436
-60182013
455120950
500554702
676026499
-536832806
1017755366
207020030
309214734
420135324
778062689
-52600839
171043156
-577001012
495336301
-940725160
-313293330
-256998450
-83221247
670178991
-641726746
-259263341
557464180
-323743462
-294196061
-522219996
175677507
786856536
-287094747
-272034559
-188242948
554448453
486919372
-442033740
-457882104
280645764
-186655405
125377377
540314891
404034549
572596215
74538740
270598695
-246329803
196033737
-357100571
735130181
324498656
-79642332
591880592
399877652
599475178
-280068649
186133182
-799487921
228807547
-136280338
12892433
517316471
684091199
-478702815
790963400
307636538
776863050
108477314
-326834875
-706136184
-7360013
521406184
-259796858
421660437
-444633431
-407989548
420528841
346424702
-816526948
164209304
468631464
256769643
-768690900
213465541
811356112
-202329748
-484302919
565279139
-244442471
-339756593
-13124152
427760529
365643502
-468665683
210086411
42099418
415683978
-203454592
-517095130
-148235509
172547129
-7567214
209837358
589196204
300334473
-777657019
-498560783
-106407351
-805537309
595341103
166318124
441265068
64703846
232911638
-341009826
-243790580
524137033
390154652
763275212
-200622205
-392808698
467312769
343914941
-475876971
415645733
193332648
244438000
742127440
-520299276
629669793
-453812658
-354510296
521657157
465724343
406752286
-348692874
242579378
-269309709
-22855059
637789919
345672731
-361936248
746835726
122524969
-702914542
770744012
724188819
32899178
741954645
481585849
377064155
61535015
-696739340
777491726
780988755
506470558
119055919
643253805
431216651
248675194
-837131782
111705291
217394005
-763850534
-793980054
630753541
-214990832
138720589
662698382
329843804
312043154
176228561
-279014013
-534765913
-644582887
-698926964
-279565147
-182059531
-526019476
427267875
-499402159
121943075
-32301038
-376929811
-712633513
-283402398
254200060
-60039433
-278515012
31071148
61101960
395553985
-742135597
371836980
336370908
310355453
-408250939
-32637333
46557410
-1296472185
448033088
-101338048
3468944
-631095282
-329233615
-252446829
-801039201
107631955
657518053
-365774013
399139585
-165692311
376716009
589173268
148548511
140709616
393527135
-805208600
179688663
-519713726
206152232
-748212341
-129554401
-277356954
-233608888
403659681
-596166561
-167844390
333582032
31151701
-468634439
386202373
-454064105
-589648528
574809642
-544622009
95631856
-502283615
-288440832
19754652
-17663163
465702066
-369231026
301891557
349836327
633882768
100422310
-500137784
-923273452
-636837452
-164867663
-169419214
645325762
546901928
395277588
-28151538
402096854
428975561
655608467
-155127756
521449363
155618151
286421860
52526245
365144857
-356900884
210099306
567302830
-809973905
-511556242
-831639575
-99843447
-868107970
465331460
462029734
-151560789
-305407564
-382484369
544484873
477472457
520395601
428152426
94160417
228132783
72164
-418130725
820603388
-392306536
37283655
-394795740
780169229
-50223372
-566527825
690563754
795322847
293140353
518392495
-884637235
298223707
689341365
-646219901
126045155
612674551
128581658
-365998209
-94447372
668433033
-207426714
-202136681
39163590
-420489091
485765048
-710261510
-36695048
362952026
-806061028
-471648227
183042290
-158645068
-437952361
214477170
-641081029
458710461
-179265677
-274438746
-797745031
-52871478
523050638
-579052185
351067481
120312526
-105891517
-370238896
99748186
423895335
224696741
-260425237
-289870910
-741343779
-804240518
440199564
364240916
255126178
915670475
59956538
339093880
-2005277
87170415
-327303169
528514930
-766235030
-357469209
94896357
696221676
-929312227
-733130424
-888834178
91930631
-505904605
-399739009
-561773847
-742589802
849977121
-546027994
-720961173
-1941904
65950170
397834230
-501149141
598890162
-143907138
-16662179
-658164072
133292868
-477535339
-897042906
628947653
-7534986
49777881
-738660963
-551689744
-115453249
77234079
580556007
-604234039
-387143010
-722612235
-352959720
-916743522
-908641050
-794547702
491473572
-642451267
640806296
-162950085
698795424
-23129284
350093461
-113562181
-294829354
448228908
228139172
430524935
-226164623
-445578141
-64786618
-113691719
278439120
499200825
-474229498
205504536
365266002
-57331463
-510954531
-315700682
452075177
546454382
605564710
-321110140
182673278
-411156453
286482220
-92048117
-303015172
627490277
81600664
-123529042
-9404469
578464399
-117855861
-131515705
-55476859
617469207
752511648
398870140
338223549
197658037
52886568
358227816
-288210389
28120317
599158292
405394292
-469755330
613569297
711046296
-830693756
720079773
146449495
221590264
659741119
526487657
-417935968
363889534
-486132663
319761242
-407267144
622057302
-229935808
-883873282
183326414
365049845
241243494
-752109130
-352117488
-61136752
576634538
-409068262
-385788014
779281468
-266201971
722119472
-314173671
254210262
440188764
-678606633
-151091646
-216007019
268403689
782237666
-633146061
171327065
132688759
-444894065
224020234
-57562696
-34482977
657834151
185420687
582133680
699990277
-336300852
-101264091
604809581
-819698768
-423395933
633796734
695758388
-413331783
1005058161
510942357
-807152683
682579676
-31039224
-354105887
-378242005
-849692944
580307156
635276383
190272095
594950407
-732121003
-740301925
-701447906
-54667503
-744501580
500525034
-191845707
-483987753
-494134654
-542888294
85268401
-31975074
44861028
135711396
125717103
92914814
135322432
-593483690
-513886110
-33783799
-75794022
186662607
-493933596
-592279184
271794904
10559350
260317843
-695854609
440572917
424596667
-679768588
-877130623
-496761488
-726329973
162356853
-179126334
330090267
383581170
-344875077
-505805960
-687314377
188023246
645198493
643981494
77084914
-365255071
-626923334
479159865
-1800484
501496804
-641992460
-115025725
308126023
126646605
-64871601
-648768114
686149481
356145431
697515187
-123802455
-458041837
-120219054
-341705063
-131018248
-161066889
-188065220
54351723
329327147
-333744300
242590461
18241536
209852430
-421797145
815276244
117720809
-17800887
39876496
-510815787
518195849
97943415
139064088
380429319
509658420
208023939
-236022914
248285320
216125283
-599307481
-25288620
332363362
1523275
-336564948
-518248028
274094129
207837423
137739276
-804351496
634291303
805587626
313662698
-290053626
239056930
-89371881
190941557
-476260000
564834243
206751743
-366255126
-115243401
-530525284
3542876
-732090563
220965182
-778341982
-340105630
-125401440
-304976552
217171894
-554447617
-314469984
-428979728
-646134419
497174159
389592181
132161677
-196637763
-457814076
-154203726
441378278
32426800
-413539415
688509209
-271411848
240534738
60959937
-543944475
716288895
151840757
519143081
378385965
34132029
-398851887
-763197672
125559685
673525326
82617858
834279354
-285939710
133383465
200282523
381703560
566987443
-497995094
267701309
-470525602
-126458905
-685839155
520509284
-18569013
319465932
-181278696
598577272
-918040013
-70924495
-784986266
275138642
-161118394
-218196234
169527011
611312230
-483978867
-101961282
162847631
616585329
-841983823
-368884374
54185657
-670598529
143039003
-115404146
-367059261
460628827
-548053538
447412202
201113126
59436037
-806675523
502746744
-134365040
-726352369
761330453
319099531
769550778
-366541825
-614807553
342841380
-158328409
-305283315
-458979142
585331778
729602045
537596630
140370524
363658264
175647926
508527754
-652410000
-95074827
-412830966
-631418590
-319495845
-737597102
-787277581
440185745
544347753
-29753603
-200889592
65339506
-566984291
92059790
-432416111
-2795107
-229575736
74896444
555526310
376065552
-7684851
181277654
390312324
126174247
110319163
37517032
259678098
-344551746
-621101580
-132401691
-129937938
-182565761
667315447
-502591158
309419133
417867170
198351970
-474626855
-223099956
449482929
-1095557267
-228548891
-749321238
300081659
-627187781
-225282858
193863514
309599733
-704469664
866188691
689577958
-685419991
397199892
19222428
354179559
-355767132
-46519792
-953956436
-566692077
-54013446
181939601
63794534
478970534
831432574
-370626301
591026054
579673376
661855630
-216447817
740172929
-71882050
680530812
-188769931
104700240
-307440494
548449688
-675912897
-762670831
299437028
-432185783
492684293
-301444018
154776702
-533413393
-221730032
-385446283
-377690013
-600592149
-415511794
-545181531
-103800403
-307387973
-627819432
101677665
-177898939
463500687
489460705
507553205
388175807
123914824
63036626
-59910715
48876900
451869248
-431693370
743804470
318381573
386761646
782244593
-723038508
-722806985
597543062
-727164972
-338541704
-705243859
621308837
457196880
622282657
257070084
241075046
62273727
75847768
-625885180
232585192
198834493
-728864328
-94726134
16105764
-957534132
315676910
-51327712
-462066024
-535835304
-751857031
79198653
459669593
-19681508
519270383
-448261061
-385568472
-349328035
-185157235
744702946
-613682039
-535352611
26476133
-343277339
713164188
251074948
228475276
12935129
-597913047
123298582
-161740764
129847024
-735012711
-494653490
162873512
-6901039
356898303
-686313170
-813339334
84615311
758794174
17787105
251203701
-3064197
-404065577
250873618
-151643154
646943474
461737996
271854567
-359267712
18667532
-739625603
-664317659
584778982
-792584891
763289946
-455261977
818235085
-116178523
530630937
-71075538
412205315
264228455
695022846
728930522
-218218312
514303982
-13464889
-168876998
705515659
468027492
610212851
109070492
-545408451
-668589349
-383797826
177135896
644484104
684328210
-405993106
-729457305
-673709639
415168425
520001509
162024086
456937104
-627105155
783742843
530678130
628400009
181385647
289478215
370515417
-591291842
773997901
-563630887
306188468
-195411006
180030512
-550196744
476190285
-709774510
-772932825
-83758595
-794950888
346593550
-535919943
-528512411
-558937113
-328760771
246433973
20138223
-514909809
540461528
639065641
89342643
-115616860
105874086
-578025891
180319319
165521065
553738701
-732241205
21165931
-957711970
128442525
-147715172
630638392
559134078
52509477
220536763
-280960330
761700357
311419798
-218791246
-780911998
-119917340
-874682691
-648769479
176078572
-18375119
-620895043
-651403048
21008955
-196410601
754442965
-588758734
154693564
113425314
-172673866
507159448
90301234
145822239
388501510
-435538664
-775799690
492449917
28937761
-377182134
457592564
-364367936
-548168237
-588067131
-461925468
548762985
-505132288
274357409
-634580215
111185390
-436371061
-282531203
396344534
-286474090
-561615336
-253411862
579206363
421799919
-297985793
503819927
87008118
-28012724
697082070
-610600517
156540002
796764139
164276444
381376917
-845526807
-7567721
578992348
-812532131
-121604458
464794878
423739576
54818196
494973165
-449349517
-155153129
43496948
249980679
-873875280
520225525
188841827
591562959
-528442085
350887016
674229132
-77990451
72965173
-434875127
552666688
-277489262
91646773
356084961
425689572
-687765122
484012756
111616401
422232517
-722141726
86744000
-168390963
-534983198
-283377487
274737937
218131251
27351747
114131035
690153126
-356165085
-585792631
-671742595
138332741
-593747708
-727228709
316447943
-59106505
-206952207
-169287170
499056794
-56229466
-355035763
559730630
-576798475
-697708149
-55855574
132634652
-86153050
-689324688
687386298
-528810272
273393877
654480515
-678804141
-87747464
-200131480
-248274634
400683450
-218567993
-199878164
327455619
502485235
-226277863
102179343
-420728095
559799986
59796296
-143696150
-571400047
-694615468
-105439232
-85717011
644669541
-602149785
167185252
-585474392
414321881
-191760200
269192949
-2879529
737261617
-400045239
355435725
190307699
-111469755
22123535
-568279276
-73027610
-468129956
138892473
280620353
-681273236
508884954
-424979624
-862311000
-170231426
120731260
-595073266
-165422696
-129437659
120039366
-124730074
-481044227
-250190660
170739089
-424937657
-20073755
767576523
-423272994
364053640
-510847309
-873852120
-161499522
663479425
-40162968
443242574
-704155804
-213867943
-252709599
445358695
132162767
106780432
686491823
-660834041
-429877327
153569073
625304830
-664916447
325814228
137243753
452492712
73733867
263817852
330132913
389176082
-170746375
-300237164
861518831
673594804
359557076
-373662867
594886233
-731135667
218053413
227391034
448781452
-782000230
298378838
266944236
748206551
-698726732
-621312762
407322386
472760734
260586169
557220109
4568357
481219753
-373393279
-660533945
-328395595
637027645
-123730728
-896844372
-642735734
-647017910
-184541203
-611626020
-96868112
514995920
-592625810
-760128467
487397459
375411550
-523036498
-45220224
187498441
30059347
512929914
449366517
-838013996
569244412
-780968184
-73402721
-100324913
601665728
-104571619
258485939
-642552495
11997390
-729767728
613052223
-338030763
-495097086
241696191
-1260036
-416658817
-834968951
-60743790
139120181
-261661196
316242903
-355938333
447043584
-140124910
287503526
607606236
433787537
-724260015
-504249797
-331378148
-184374334
-285030273
-163074526
-354258034
-259505153
242030420
-814674715
149042619
206548790
-265977526
211184059
595450860
793345603
689970182
-702412167
299813013
732657947
-37768996
-338252415
-566212545
548325752
-576939487
-69331296
-342902792
579815452
311724179
-323510090
543203995
381484190
-444847297
473935649
783196699
-475885179
-753242665
684363880
-810584653
653491224
100508472
-451982694
892790406
-779553076
-276274602
-638820593
32261008
-354996291
251015518
373381490
-410890844
721198359
542444877
-376588909
-614779647
-516595788
67910591
591043463
-649777528
-211475837
-41737117
-418437674
184782506
240772266
716041491
337102635
-584753966
-89293436
-104034059
512873135
-772995284
600852859
719228780
-10037466
-414649201
548812484
-264644305
-321453297
-309269177
-278980915
-283215349
-942592458
40587540
-310601877
310562692
-384356759
-643938963
519634467
425812297
293701825
-380871570
787134292
-176128710
-444667832
469765430
-767799158
-565558260
-163627351
-170999957
-126646225
128116237
-563386857
619607637
602958346
-687208805
-661722127
-401565591
405146413
-780641437
-353741322
628727366
67026516
-148163362
119710692
-557702922
-352058481
-630249799
372153091
-408612605
-500565505
583293941
125489336
576823800
173678894
150047057
-708809042
425182609
150797511
645532841
-423928681
481157942
520702095
-614311634
863357686
-198957795
-664004527
562778532
336386198
-508333375
-392178256
-737664087
-260013961
536300762
402169808
139383486
76540344
330258856
434796024
-809618840
-93899262
-26111301
563012426
-241796801
-622231917
478931978
672932500
-686063578
-509469603
109475494
-185160227
341611386
-387902209
-339327685
6916151
730172066
-531237949
-704781319
376304370
-365532027
65047853
-226650720
619194760
423858857
172362749
-728485604
377681305
-112033940
494182630
448710747
644048321
308091534
172126387
-719691004
88083890
305655770
536290033
-488969223
469495948
-140509961
-24268924
-315339520
-350504049
-299626126
-388856111
-44749956
-775472989
712399248
-431961687
-583021274
175427152
479815457
655210195
-341046887
-689376988
357760147
-888909295
408899269
309579546
-444117674
-260004007
422938679
406712704
-225346625
-513446342
-350575282
46864734
248678683
627208673
-185923869
-677171550
-520748653
-67171007
-434767525
-355139245
-139575759
-621576993
651962694
66333672
246646869
239847105
-375600309
-281881743
-140249232
196525720
-173454092
338592740
268271265
189894502
554299319
139828802
154811989
389171744
183334892
501688509
-161681880
-147945827
166473508
218477468
64029234
-257061545
723238500
59292673
-76872358
-601948601
205304059
-69164332
200690236
83357803
267825548
-410378793
255774779
-446690804
13978643
-150290552
209053556
325236430
-616242073
-709627966
-381300274
-205687835
-288514125
44243449
-199138671
116812752
-478274499
59125126
-687632200
-161723814
591493285
-190694997
144711039
50795108
-560408593
-288818375
271641229
218075477
838829824
387689443
80272408
155557123
212782450
704764056
-358561627
-68381034
-108598049
446337687
234282661
688290491
-89167505
-259663602
-585887397
500940819
74142106
-24700551
521709287
277383988
106980308
116856975
-812839190
205196283
-854412837
1325690866
246364519
-367398292
-565097834
-790199059
715500447
-342470851
-346654028
-719661824
212398005
18935514
254179234
818424389
89900420
-87400609
-414204385
-142733978
-801663088
449022446
-426395740
-657675186
-667277328
-574626578
-332932350
712330131
481941416
1054728899
-555962284
-764320921
89321629
123239094
-818809932
170981188
706918944
-186762275
758429402
-912152334
536783533
410700725
161246695
-667049862
740679102
-873627454
-56194627
595036096
1040108889
-732660989
51064561
-436102916
-307380079
-322635209
507199842
-10001220
-304745224
-181849119
-806593517
149027913
463481820
-781361951
482543165
-312112090
-543429023
-159178298
-479030621
-212530949
354972281
-18965853
174006162
28895076
191407978
464536609
154792975
95275578
280663228
-664973169
-1085221272
-645173380
666091339
113326927
-161721852
-296683363
482900720
-211723898
-35417805
-304618200
726845335
-360582891
-755112579
260847264
-770620053
-1120220549
-795276674
324010886
8029024
-530608586
-160834381
296296250
-447944762
351324344
1050766385
768397583
340897684
-519227630
754759113
233416952
-116079642
-35058843
-525800976
72865461
713297227
-600170956
188940162
195356973
738020518
-467991848
-531565944
-621408717
-726912557
814652097
-780263063
167219845
27166898
-138844480
-44284871
-110713697
-829697491
-416254503
651516947
67733492
-507539410
135369185
942051698
9341919
-25462445
-159117411
-530480822
-176534021
507132298
-109923375
-769778574
628689514
358824766
68788182
-35509187
-326142996
-634995882
18690599
-70223222
52300306
453776373
-161482479
375689663
564678953
-450943864
737425614
84084348
-939162887
-511605552
231816561
-642419141
892195408
535130436
814900697
399455808
-509061793
513380323
-414909304
257721937
882557274
-313819992
-36706199
525702541
133609054
-816131541
-160755645
660226607
116947100
-894519857
-632625646
908186815
533229701
721447435
418363717
753118632
-105618016
-537788431
-357371942
-303190773
-834311748
343877328
594664084
-730673350
658840987
-744390098
-106939430
345555867
-810000273
-44160711
322116939
146515031
322986691
-745562066
1091457693
180897175
516590770
507292089
826676431
642122560
-817098476
645162769
-128168692
-265404294
-367253719
-319644511
-667837013
985299919
27542735
-843772122
-500506593
-81709875
-845605105
532513191
893821054
149172073
389533783
773726686
572130060
-240081014
331517901
431484749
-121646171
60047679
133911148
-870681508
-874455151
886395783
-913095940
267441653
406931261
-715957633
-302231206
145769335
-15612007
849815532
-792580552
126373126
-487482664
759543849
-596098510
470553120
609963931
-274707761
114742534
-481658857
-804227586
-49084537
-608208105
796887044
-130543338
287866771
-198449577
515320671
953880099
158841111
-270600020
-379130541
376826084
-22492033
-222892086
265466531
-620947756
504235354
-315085664
-229035621
-493423823
718442996
11249601
-424506504
763173622
602247318
-700277115
630241725
-450322185
750975447
-823677654
382818949
-229611318
-76438590
523375531
-811502341
642648482
45846700
884318877
-199924344
407094190
603593260
759447128
-370722754
-595218237
-84612122
-486647392
-521747017
211458887
-601400507
416360814
953857981
273390396
51153557
-831990773
420040970
70466099
276590334
-312758237
521213695
-789909420
-276030100
-387233415
-1065741723
323328820
-653165707
51878054
19989158
612446172
-406518076
-45318302
-707230786
-470576821
593448015
-845218159
775953001
-690226695
141691275
-133324013
373951636
10406379
-94117559
-595346775
281428812
548074857
56282997
13120662
223025468
-892312990
302737302
76272270
608576371
751729621
-917595076
-435405457
-346707814
529623840
29815196
190090043
-834482224
720371884
-550500139
-31210355
-928475542
-438326759
184189360
607507482
795608261
-260779887
619914168
80263314
-261089962
770906760
-898399869
-69260066
-512888475
734501973
-85765591
348027923
-592360000
806836555
-63994448
-502683399
906002462
-93240137
394962447
-598609879
460889661
-139640194
416485048
198214416
-472956838
-770249511
-984027439
583481969
406268400
-363537801
874457273
-994784317
20890044
-797431244
-418991910
-182495182
-437670647
753008985
999229459
-577984944
-827547907
-1007136633
870278514
-489992759
640481968
-430326355
447580197
448088072
-71166282
-639279980
-511141591
135743166
-56476800
-743930189
857450146
612871476
996090007
-852107376
-893796126
28124069
-444825613
-846891007
-391657365
914097314
-567657384
-730337880
-291874685
867638693
373382437
549962141
-696319166
-998897685
149614795
228200616
-33205147
-741345757
968089362
-867700824
-857932797
-404250215
-209397152
508576355
-173314664
-818525903
-371498322
451469608
708718188
-434880555
504517291
-1059381060
376700665
-1038976965
270425975
143103527
-707778913
714259041
-280738998
204368573
104054450
265295223
98695394
-377479338
-410607935
483682842
-252923274
3922080
100364805
-594934318
-510896736
-956839275
419596634
-207874870
-31537757
833326829
-318245429
915204224
238788392
-332990586
856913064
633376499
-519337395
-648028752
-200159425
-740807167
-1650923
-395672894
448957708
-90119918
-743358431
612723852
951130258
-168811495
746408685
-209779394
189073384
-89075663
778713763
-143201241
256461770
-373910108
78883635
442093993
697525224
122578156
-72009541
636925603
-848654219
61147614
-281929854
785794841
-323203174
5318812
-420905673
117136677
663001118
-403429887
-831870378
-712983474
12662824
574196784
-305430433
542195078
18928601
-780480078
285426448
-533886148
92928401
105370517
-863215478
-226678887
670755788
743172834
-461416907
-774298755
650080858
-242490326
521646443
456332926
38421674
-1163389017
-89809918
-264979912
573422065
-470049036
-455528390
945159340
4298586
-846722649
317286260
106630575
757588767
695315690
532329679
223092661
-498312530
468619049
400582652
521538774
528493023
-526695363
784799000
-449478908
220863176
-356144915
-239981077
596320401
-197530039
-480258504
30802250
-185783674
-404298003
179810901
204759749
33901739
150443775
-608284275
173522498
-563823348
27522012
600453467
-154487915
478764185
-832585461
520272956
-714853219
-368142425
175836275
209525124
823317633
606270446
118332568
324312212
-755108448
-440981120
-919769440
351175312
456419296
-823939619
567866886
-456355048
376084931
-914954963
-763240714
-672192737
-732044548
764500135
-801000974
426090694
297044349
-336188190
15187759
505161653
-116350075
599625984
-872606346
375953130
-301121208
698774793
-407039408
-509971682
-802669188
816508574
-190243920
-164410252
501697994
352935008
-624750221
641074793
177674855
-396842621
189181675
789621360
664297835
144029672
839189773
-28357078
683466793
-420797492
-665972176
84978621
-88887022
395104531
316503345
485151128
417207320
233493418
217947407
426005023
-754943298
456987901
-602832847
550287623
698988082
5005524
53995518
701028252
-863262915
571708360
-487642532
-26746321
152567382
-587678575
-514508181
-868889234
-15086672
-693903121
-651819001
-806846309
-527898858
-639922339
746616117
568753090
-63531007
151681368
-690561536
775409508
451618903
-544548803
-319894981
-47639524
-278523746
729835642
597224540
461101375
-653166114
581646005
668676754
-867867169
619187302
500679098
-131321345
-969347195
-608245711
-266209374
361819528
405853859
879481049
-714370885
587480331
550900158
-69795321
533178544
-479480445
32808291
-307407298
-314596221
862605694
228696669
755030564
-429568934
-629335123
704212416
312590847
133235573
-820340724
175598544
707695538
-355734374
-785434788
814845476
235537797
475378543
-806962914
-110918662
465989120
-658281299
705137528
-963808003
-498036264
208398844
181043866
-823769478
306964423
219769782
-573405604
-594503654
401119180
195203213
-406636467
-40196882
614009448
541844743
463189172
-943072248
-310624058
645056171
-522375230
-925972852
600039703
-444195930
-760980258
578184341
-861552594
-299570483
431526478
-173305736
105817759
603868892
-427512191
551028579
392733762
-1062384704
-577518403
388710267
159403496
741782136
-385914788
215369924
142064373
-120172793
-102814662
-924428790
260799860
-615244972
-893273690
220204602
435773524
-616554672
667264317
365313098
719592100
-803107387
290347767
-551691171
481025756
-194292530
589298816
-811905816
138792469
-331066676
-542664887
-89041991
304577091
331934782
838812241
614060130
197187207
523683199
-764050268
-208792528
695691952
474177151
635533703
-365122705
-394070163
-704447230
102635121
267556736
-237875227
-186709637
-758161605
63405022
516267360
-690355284
-298947505
-4922714
241569154
859596136
517997131
273473294
584898578
-471605312
-490664552
771884816
-99280205
-671971410
-172918432
753527966
-241216968
-911167075
42986762
-620291499
-209360411
72339774
38618799
-271011683
-778715911
742810217
269514321
-329672566
-911628469
60397229
819455864
-429386608
526708937
774903428
794308423
-835560785
-316648576
639055747
-312987983
-661758148
445339161
131951329
864610519
757825719
-290016224
-779769916
-493065128
-77388674
40555370
178830240
-829953975
111301821
288668020
374970911
-205787268
745573758
611168646
-337217592
-267770780
-233648600
-113316509
-68553324
-225001018
-791617380
-694084016
193867792
-89684402
384117224
215711827
-893099886
28318327
-545695050
257535196
-793661006
-218377644
-861304551
87994676
-17457809
72210382
340831248
202077107
-248946021
633932512
137766452
-757854426
102368190
-913165511
257115590
288740922
883346901
876967513
-249674256
-220731284
662322154
926189879
-211376845
-351555229
-410564794
-640469389
54163661
369701377
312199140
-576460757
-106541851
-547031420
360741079
-328690734
-921357530
353995594
614119444
-565714558
-7080412
864467602
261155961
-915360276
951161830
448417610
-476628898
-190158313
53172749
196297026
-61713131
-333625564
557760358
-728367456
418332404
744745107
250274824
774320466
-555739798
392269187
-312332885
-337173587
253305513
-382744944
187726987
-339420407
563378572
819778589
702146749
622051075
903635065
204481627
-92521916
1112272900
115284384
-66044098
76449967
-347858569
682218183
84991458
106625391
-910803110
501743316
603713929
1009664820
352454254
439851455
-795961682
-385809469
664556223
852547664
-23517116
522837059
456241995
235117539
-130505510
251064327
-412009058
-186540540
485524540
-755889880
-276134399
-212596672
-289447148
-121903669
-209405183
505244166
75416335
398557501
264398154
808670432
-382979629
5179231
-562364211
526363577
-540147258
502452186
-145710258
798412285
-401524777
-90282801
-406623177
-601065663
-379531712
-133508468
-195080465
-176472021
-918758863
-411349126
171078991
179039753
-495451291
346038103
-80898755
608447690
102824686
265169205
191432272
-657766111
-613027666
623099883
-471725630
-425942926
46501583
798340889
-494224901
876807321
58142415
111241457
-949377817
-448476589
-678016233
266636029
486746032
88709461
665773422
683307159
802370657
601829097
336048064
-14379054
-292646034
-192788681
74796822
-814022816
-125713969
286987037
-842202696
20710912
378035967
220282288
470268518
-770946913
-525036100
-312056943
-352546153
643760189
-343983410
-173806445
-949533072
-230092462
47547731
143595544
-779532465
-40331953
461172709
438453080
-521344123
524269261
-634079277
-207888443
207530496
-536167390
392942085
-514899737
-328220839
369945435
680271314
-537838798
-265265848
452465596
-720073761
-709731574
-300266839
-107504685
-721441894
-613171440
651844587
685336323
-611473934
691452909